1
1
1
1
0
1
0
0
1
0
0
1
1
1
0
0
1
0
1
1
1
1
1
0
0
0
1
1
0
0
1
0
1
0
1
0
1
1
0
1
0
1
0
1
1
1
0
1
0
0
1
0
0
0
1
0
0
1
1
1
0
1
1
0
1
0
1
1
1
1
1
1
1
1
0
0
0
1
1
1
0
0
0
1
0
1
0
0
0
0
0
0
1
1
0
0
0
0
0
1
1
0
0
0
1
1
0
0
0
0
0
0
0
1
0
0
0
0
0
1
0
0
1
1
0
0
0
1
0
0
1
1
1
1
0
0
1
1
1
0
1
0
0
0
1
0
1
0
0
1
1
0
1
0
1
1
0
0
1
1
0
1
0
1
1
0
0
0
1
1
0
0
1
0
1
0
1
1
1
0
0
1
0
1
1
1
1
1
0
0
1
0
1
1
1
1
0
1
1
1
0
1
0
1
0
0
0
0
0
0
0
1
1
1
0
0
1
0
1
1
0
0
0
1
1
1
1
1
1
0
0
1
1
0
1
1
1
1
1
0
1
1
1
0
0
0
0
1
1
1
1
0
0
0
1
1
1
0
1
1
0
0
0
1
0
1
0
0
0
0
1
0
1
0
0
1
1
0
0
0
0
0
0
1
0
0
0
1
0
1
1
0
1
0
0
1
1
0
1
1
1
0
0
0
0
1
1
0
0
0
1
1
1
1
0
1
1
1
0
1
0
0
0
0
0
1
0
1
1
1
0
0
0
0
1
1
1
1
0
1
1
0
1
1
0
0
0
0
1
0
1
0
0
1
0
0
1
0
1
0
0
1
0
0
1
0
1
0
1
0
1
0
1
0
1
0
0
0
0
1
0
1
0
1
1
1
1
1
1
1
1
1
0
1
0
0
1
0
0
1
1
0
1
1
0
0
1
0
1
0
0
1
0
0
0
1
0
0
1
0
1
0
0
1
1
0
0
1
1
1
0
1
0
1
1
0
1
0
0
0
1
0
1
0
1
0
1
0
0
1
0
1
0
0
1
1
0
0
0
1
1
0
0
1
1
1
1
1
1
1
0
1
1
1
0
0
1
1
0
1
1
0
0
1
1
0
1
0
0
0
0
0
1
0
0
1
1
0
0
1
1
0
0
1
0
1
1
1
0
1
1
1
0
1
0
0
0
0
1
0
1
0
1
1
0
0
1
0
1
0
0
1
1
1
1
0
1
0
1
0
1
1
0
0
0
1
1
0
1
1
1
1
1
0
0
0
1
1
0
1
1
1
1
1
0
0
1
0
1
0
0
1
1
0
0
1
1
0
1
1
0
0
0
0
1
0
0
1
0
1
1
0
1
1
0
1
1
1
0
1
0
1
0
1
0
0
1
1
0
1
1
0
1
1
1
0
0
1
0
1
0
1
0
1
0

// Ifmap1 matrix 
//[1, 1, 1, 1, 0, 1, 0, 0, 1, 0, 0, 1, 1, 1, 0, 0, 1, 0, 1, 1, 1, 1, 1, 0, 0]
//[0, 1, 1, 0, 0, 1, 0, 1, 0, 1, 0, 1, 1, 0, 1, 0, 1, 0, 1, 1, 1, 0, 1, 0, 0]
//[1, 0, 0, 0, 1, 0, 0, 1, 1, 1, 0, 1, 1, 0, 1, 0, 1, 1, 1, 1, 1, 1, 1, 1, 0]
//[0, 0, 1, 1, 1, 0, 0, 0, 1, 0, 1, 0, 0, 0, 0, 0, 0, 1, 1, 0, 0, 0, 0, 0, 1]
//[1, 0, 0, 0, 1, 1, 0, 0, 0, 0, 0, 0, 0, 1, 0, 0, 0, 0, 0, 1, 0, 0, 1, 1, 0]
//[0, 0, 1, 0, 0, 1, 1, 1, 1, 0, 0, 1, 1, 1, 0, 1, 0, 0, 0, 1, 0, 1, 0, 0, 1]
//[1, 0, 1, 0, 1, 1, 0, 0, 1, 1, 0, 1, 0, 1, 1, 0, 0, 0, 1, 1, 0, 0, 1, 0, 1]
//[0, 1, 1, 1, 0, 0, 1, 0, 1, 1, 1, 1, 1, 0, 0, 1, 0, 1, 1, 1, 1, 0, 1, 1, 1]
//[0, 1, 0, 1, 0, 0, 0, 0, 0, 0, 0, 1, 1, 1, 0, 0, 1, 0, 1, 1, 0, 0, 0, 1, 1]
//[1, 1, 1, 1, 0, 0, 1, 1, 0, 1, 1, 1, 1, 1, 0, 1, 1, 1, 0, 0, 0, 0, 1, 1, 1]
//[1, 0, 0, 0, 1, 1, 1, 0, 1, 1, 0, 0, 0, 1, 0, 1, 0, 0, 0, 0, 1, 0, 1, 0, 0]
//[1, 1, 0, 0, 0, 0, 0, 0, 1, 0, 0, 0, 1, 0, 1, 1, 0, 1, 0, 0, 1, 1, 0, 1, 1]
//[1, 0, 0, 0, 0, 1, 1, 0, 0, 0, 1, 1, 1, 1, 0, 1, 1, 1, 0, 1, 0, 0, 0, 0, 0]
//[1, 0, 1, 1, 1, 0, 0, 0, 0, 1, 1, 1, 1, 0, 1, 1, 0, 1, 1, 0, 0, 0, 0, 1, 0]
//[1, 0, 0, 1, 0, 0, 1, 0, 1, 0, 0, 1, 0, 0, 1, 0, 1, 0, 1, 0, 1, 0, 1, 0, 1]
//[0, 0, 0, 0, 1, 0, 1, 0, 1, 1, 1, 1, 1, 1, 1, 1, 1, 0, 1, 0, 0, 1, 0, 0, 1]
//[1, 0, 1, 1, 0, 0, 1, 0, 1, 0, 0, 1, 0, 0, 0, 1, 0, 0, 1, 0, 1, 0, 0, 1, 1]
//[0, 0, 1, 1, 1, 0, 1, 0, 1, 1, 0, 1, 0, 0, 0, 1, 0, 1, 0, 1, 0, 1, 0, 0, 1]
//[0, 1, 0, 0, 1, 1, 0, 0, 0, 1, 1, 0, 0, 1, 1, 1, 1, 1, 1, 1, 0, 1, 1, 1, 0]
//[0, 1, 1, 0, 1, 1, 0, 0, 1, 1, 0, 1, 0, 0, 0, 0, 0, 1, 0, 0, 1, 1, 0, 0, 1]
//[1, 0, 0, 1, 0, 1, 1, 1, 0, 1, 1, 1, 0, 1, 0, 0, 0, 0, 1, 0, 1, 0, 1, 1, 0]
//[0, 1, 0, 1, 0, 0, 1, 1, 1, 1, 0, 1, 0, 1, 0, 1, 1, 0, 0, 0, 1, 1, 0, 1, 1]
//[1, 1, 1, 0, 0, 0, 1, 1, 0, 1, 1, 1, 1, 1, 0, 0, 1, 0, 1, 0, 0, 1, 1, 0, 0]
//[1, 1, 0, 1, 1, 0, 0, 0, 0, 1, 0, 0, 1, 0, 1, 1, 0, 1, 1, 0, 1, 1, 1, 0, 1]
//[0, 1, 0, 1, 0, 0, 1, 1, 0, 1, 1, 0, 1, 1, 1, 0, 0, 1, 0, 1, 0, 1, 0, 1, 0]
