50
11
22
59
12
26
24
18
28
12
59
8
12
63
60
53
6
6
21
13
10
49
21
19
62
36
34
17
42
45
23
64
63
53
60
45
11
60
6
5
64
5
48
13
4
17
33
25
23
36
27
38
11
22
1
56
50
60
56
61
53
8
26
46
6
55
57
1
6
7
28
27
12
63
3
51
61
59
9
49
38
53
58
12
45
45
44
60
61
4
7
16
13
15
2
8
62
49
8
19
51
39
55
2
9
45
29
27
39
52
61
15
23
14
18
5
21
62
58
2
2
1
45
56
64
7
25
13
33
35
33
62
46
57
11
63
54
9
7
46
1
8
39
39
62
10
11
61
30
39
54
60
53
37
43
43
61
47
50
49
47
5
61
63
63
10
33
7
40
35
34
57
45
40
55
48
9
11
63
64
59
51
4
11
6
1
29
26
9
51
28
48
61
39
57
3
56
32
27
7
10
19
48
57
64
42
3
29
34
27
46
28
4
45
53
1
64
18
38
31
30
33
15
60
16
56
56
12
16
64
18
47
42
57
58
1
10
31
16
47
42
36
42
27
22
10
52
53
57
4
2
38
63
54
5
7
10
28
10
34
43
31
59
32
16
14
6
61
56
48
64
8
47
5
9
21
27
25
23
20
19
30
39
19
25
13
55
4
57
60
36
55
15
29
5
21
23
31
7
64
16
30
7
17
18
12
14
14
10
48
40
61
62
10
11
61
4
23
8
6
5
1
4
6
4
5
18
8
14
6
43
38
8
63
10
61
2
2
8
56
52
64
24
3
64
13
54
64
7
1
50
48
63
49
42
63
11
54
54
46
61
48
63
21
15
17
6
15
20
55
62
49
58
60
6
58
54
5
47
37
46
52
48
12
8
64
26
23
12
39
11
9
23
4
30
63
59
20
28
54
52
47
36
55
12
12
10
26
63
13
9
9
37
33
22
28
2
1
19
38
52
61
53
50
4
56
50
35
30
13
18
16
23
37
37
32
10
52
3
24
18

// out residue1 matrix 
//[50, 11, 22, 59, 12, 26, 24, 18, 28, 12, 59, 8, 12, 63, 60, 53, 6, 6, 21, 13, 10]
//[49, 21, 19, 62, 36, 34, 17, 42, 45, 23, 64, 63, 53, 60, 45, 11, 60, 6, 5, 64, 5]
//[48, 13, 4, 17, 33, 25, 23, 36, 27, 38, 11, 22, 1, 56, 50, 60, 56, 61, 53, 8, 26]
//[46, 6, 55, 57, 1, 6, 7, 28, 27, 12, 63, 3, 51, 61, 59, 9, 49, 38, 53, 58, 12]
//[45, 45, 44, 60, 61, 4, 7, 16, 13, 15, 2, 8, 62, 49, 8, 19, 51, 39, 55, 2, 9]
//[45, 29, 27, 39, 52, 61, 15, 23, 14, 18, 5, 21, 62, 58, 2, 2, 1, 45, 56, 64, 7]
//[25, 13, 33, 35, 33, 62, 46, 57, 11, 63, 54, 9, 7, 46, 1, 8, 39, 39, 62, 10, 11]
//[61, 30, 39, 54, 60, 53, 37, 43, 43, 61, 47, 50, 49, 47, 5, 61, 63, 63, 10, 33, 7]
//[40, 35, 34, 57, 45, 40, 55, 48, 9, 11, 63, 64, 59, 51, 4, 11, 6, 1, 29, 26, 9]
//[51, 28, 48, 61, 39, 57, 3, 56, 32, 27, 7, 10, 19, 48, 57, 64, 42, 3, 29, 34, 27]
//[46, 28, 4, 45, 53, 1, 64, 18, 38, 31, 30, 33, 15, 60, 16, 56, 56, 12, 16, 64, 18]
//[47, 42, 57, 58, 1, 10, 31, 16, 47, 42, 36, 42, 27, 22, 10, 52, 53, 57, 4, 2, 38]
//[63, 54, 5, 7, 10, 28, 10, 34, 43, 31, 59, 32, 16, 14, 6, 61, 56, 48, 64, 8, 47]
//[5, 9, 21, 27, 25, 23, 20, 19, 30, 39, 19, 25, 13, 55, 4, 57, 60, 36, 55, 15, 29]
//[5, 21, 23, 31, 7, 64, 16, 30, 7, 17, 18, 12, 14, 14, 10, 48, 40, 61, 62, 10, 11]
//[61, 4, 23, 8, 6, 5, 1, 4, 6, 4, 5, 18, 8, 14, 6, 43, 38, 8, 63, 10, 61]
//[2, 2, 8, 56, 52, 64, 24, 3, 64, 13, 54, 64, 7, 1, 50, 48, 63, 49, 42, 63, 11]
//[54, 54, 46, 61, 48, 63, 21, 15, 17, 6, 15, 20, 55, 62, 49, 58, 60, 6, 58, 54, 5]
//[47, 37, 46, 52, 48, 12, 8, 64, 26, 23, 12, 39, 11, 9, 23, 4, 30, 63, 59, 20, 28]
//[54, 52, 47, 36, 55, 12, 12, 10, 26, 63, 13, 9, 9, 37, 33, 22, 28, 2, 1, 19, 38]
//[52, 61, 53, 50, 4, 56, 50, 35, 30, 13, 18, 16, 23, 37, 37, 32, 10, 52, 3, 24, 18]
