60
22
30
58
63
14
58
60
36
34
73
15
24
59
54
68
17
21
35
47
51
72
46
38
80
33
42
26
45
50
33
68
70
79
67
51
22
49
20
33
98
42
60
27
25
24
38
33
28
41
57
44
7
29
64
50
58
62
60
79
84
46
73
57
10
87
62
7
20
14
36
51
10
69
26
76
71
67
18
58
56
72
74
56
77
72
79
84
91
24
26
10
5
12
20
27
78
71
29
34
45
38
81
25
26
57
43
54
52
60
79
24
19
24
27
6
35
64
85
45
7
4
54
67
70
11
43
12
34
24
23
58
26
43
11
72
45
6
23
60
58
4
53
57
67
7
15
46
42
49
53
60
48
34
53
51
82
38
47
60
43
60
59
74
75
61
27
39
25
37
42
49
39
44
40
60
36
11
41
58
35
23
46
5
63
51
13
11
48
58
57
45
66
39
57
59
75
59
32
62
64
56
6
32
55
17
64
16
16
24
64
66
33
75
74
25
86
37
46
8
14
1
42
33
63
32
26
62
62
53
17
87
79
89
90
39
23
59
43
62
35
28
27
22
14
11
41
45
41
52
59
62
97
72
23
10
21
25
7
33
39
14
52
10
64
1
60
47
43
41
69
18
61
51
51
45
52
41
27
15
7
20
19
63
5
7
55
6
47
66
42
57
29
25
37
53
34
32
17
62
17
37
1
3
10
7
2
8
18
43
41
80
78
15
14
92
12
10
9
2
60
6
60
25
2
61
23
62
24
27
50
48
29
78
25
62
37
14
13
43
35
51
60
59
63
3
56
61
2
16
69
68
82
71
55
66
24
82
79
62
81
52
48
1
34
42
13
29
35
53
67
64
73
81
46
87
63
13
77
56
42
66
56
21
6
80
53
38
40
75
18
38
28
24
73
101
91
44
49
76
61
58
40
65
7
33
35
27
80
42
34
23
57
42
61
57
44
47
52
59
73
93
69
61
17
67
75
76
42
20
29
29
20
37
64
61
23
100
61
61
59

// out residue2 matrix 
//[60, 22, 30, 58, 63, 14, 58, 60, 36, 34, 73, 15, 24, 59, 54, 68, 17, 21, 35, 47, 51]
//[72, 46, 38, 80, 33, 42, 26, 45, 50, 33, 68, 70, 79, 67, 51, 22, 49, 20, 33, 98, 42]
//[60, 27, 25, 24, 38, 33, 28, 41, 57, 44, 7, 29, 64, 50, 58, 62, 60, 79, 84, 46, 73]
//[57, 10, 87, 62, 7, 20, 14, 36, 51, 10, 69, 26, 76, 71, 67, 18, 58, 56, 72, 74, 56]
//[77, 72, 79, 84, 91, 24, 26, 10, 5, 12, 20, 27, 78, 71, 29, 34, 45, 38, 81, 25, 26]
//[57, 43, 54, 52, 60, 79, 24, 19, 24, 27, 6, 35, 64, 85, 45, 7, 4, 54, 67, 70, 11]
//[43, 12, 34, 24, 23, 58, 26, 43, 11, 72, 45, 6, 23, 60, 58, 4, 53, 57, 67, 7, 15]
//[46, 42, 49, 53, 60, 48, 34, 53, 51, 82, 38, 47, 60, 43, 60, 59, 74, 75, 61, 27, 39]
//[25, 37, 42, 49, 39, 44, 40, 60, 36, 11, 41, 58, 35, 23, 46, 5, 63, 51, 13, 11, 48]
//[58, 57, 45, 66, 39, 57, 59, 75, 59, 32, 62, 64, 56, 6, 32, 55, 17, 64, 16, 16, 24]
//[64, 66, 33, 75, 74, 25, 86, 37, 46, 8, 14, 1, 42, 33, 63, 32, 26, 62, 62, 53, 17]
//[87, 79, 89, 90, 39, 23, 59, 43, 62, 35, 28, 27, 22, 14, 11, 41, 45, 41, 52, 59, 62]
//[97, 72, 23, 10, 21, 25, 7, 33, 39, 14, 52, 10, 64, 1, 60, 47, 43, 41, 69, 18, 61]
//[51, 51, 45, 52, 41, 27, 15, 7, 20, 19, 63, 5, 7, 55, 6, 47, 66, 42, 57, 29, 25]
//[37, 53, 34, 32, 17, 62, 17, 37, 1, 3, 10, 7, 2, 8, 18, 43, 41, 80, 78, 15, 14]
//[92, 12, 10, 9, 2, 60, 6, 60, 25, 2, 61, 23, 62, 24, 27, 50, 48, 29, 78, 25, 62]
//[37, 14, 13, 43, 35, 51, 60, 59, 63, 3, 56, 61, 2, 16, 69, 68, 82, 71, 55, 66, 24]
//[82, 79, 62, 81, 52, 48, 1, 34, 42, 13, 29, 35, 53, 67, 64, 73, 81, 46, 87, 63, 13]
//[77, 56, 42, 66, 56, 21, 6, 80, 53, 38, 40, 75, 18, 38, 28, 24, 73, 101, 91, 44, 49]
//[76, 61, 58, 40, 65, 7, 33, 35, 27, 80, 42, 34, 23, 57, 42, 61, 57, 44, 47, 52, 59]
//[73, 93, 69, 61, 17, 67, 75, 76, 42, 20, 29, 29, 20, 37, 64, 61, 23, 100, 61, 61, 59]
